Python/newwww.txt
ncols         498
nrows         251
xllcorner     4.688452906936
yllcorner     45.640936588936
cellsize      0.00086698612799998
NODATA_value  -9999
[rows 0 to 27 of 251, columns 63 to 125 of 498]
275.4382 275.6984 278.4087 278.3968 278.3968 280.6859 284.5026 289.5143 288.3741 288.3741 293.3824 294.9792 305.5378 305.5378 315.6653 315.6653 315.6653 315.6653 329.1403 329.1403 344.7966 344.7966 365.2349 365.2349 365.2349 382.382 393.0414 393.0414 413.665 429.5838 429.5838 429.5838 442.6796 461.6388 468.5781 468.5781 483.6607 502.7903 502.7903 517.9958 517.9958 517.9958 511.0576 511.0576 517.4006 521.9525 513.0164 513.7078 513.7078 502.4662 502.4662 485.5317 468.5921 468.5921 445.5987 433.9617 433.9617 433.9617 418.8617 418.8617 406.1013 388.0321 388.0321
275.4382 275.6984 274.6527 278.3968 278.3968 282.6515 284.5026 287.1917 288.3741 288.3741 294.9792 294.9792 299.4923 307.23 315.6653 315.6653 315.6653 315.6653 329.1403 329.1403 344.7966 344.7966 365.2349 365.2349 365.2349 382.382 393.0414 393.0414 404.0328 423.3946 429.5838 437.4229 444.9307 461.6388 468.5781 468.5781 483.6607 502.7903 518.065 517.9958 517.9958 517.9958 511.0577 519.5684 521.9525 521.9525 515.6967 513.7078 513.7078 502.4662 498.035 485.5317 468.5921 468.5921 445.5987 445.5987 433.9617 431.2532 418.8617 418.8617 418.8617 388.0321 388.0321
275.1127 275.4382 277.6041 278.3968 278.3968 278.6071 287.1917 287.1917 288.3741 288.3741 294.9792 294.9792 299.4923 307.23 307.23 315.6653 315.6653 320.5965 320.7063 333.5141 344.7966 344.7966 365.2349 365.2349 375.4026 375.4026 382.382 404.0328 409.0872 423.3946 423.3946 437.4229 456.3821 461.6388 461.6388 481.4245 499.9089 518.065 518.065 517.9958 517.9958 517.9958 517.2521 519.5684 521.9525 532.8977 524.6567 516.6688 513.7078 502.4662 498.035 498.035 479.9761 468.5921 445.5987 445.5987 431.2532 431.2532 418.8617 418.8617 418.8617 388.0321 388.0321
275.4382 278.6498 277.6041 275.6142 278.6071 284.9025 287.1917 287.1917 288.3741 289.6572 294.9792 294.9792 301.705 307.23 307.3706 315.6653 315.6653 320.5965 324.9703 319.5013 332.7759 351.6453 351.6453 365.2349 375.4026 371.3382 373.4194 409.0872 409.0872 423.3946 423.3946 456.3821 455.9174 453.8841 470.8292 481.4245 499.9089 518.065 518.065 518.065 517.9958 517.9958 524.8793 519.5684 532.8977 531.7459 532.9217 516.6688 516.6688 506.6237 498.035 498.035 479.9761 458.7881 459.9064 445.5987 445.4427 431.2532 433.8057 418.8617 419.0208 388.9609 388.0321
275.4382 277.6041 277.6041 275.6142 278.6071 284.9025 284.9025 287.1917 287.1917 289.6572 294.9792 294.9792 300.6292 305.1423 307.2922 315.6653 315.6653 324.9703 324.9703 322.2739 330.0439 340.3628 353.5032 365.2349 374.4794 371.1349 390.6474 409.0872 409.0872 409.0872 438.7414 456.3821 454.2538 450.0491 466.1175 499.9089 518.065 518.065 518.065 518.065 519.4522 517.9958 524.8793 534.5444 532.8977 517.9554 532.8546 516.6688 516.6688 509.2765 498.0369 498.035 481.0954 469.9344 465.5334 445.4427 445.4427 445.4427 433.8057 433.8131 415.5829 414.747 388.0321
275.4262 277.6041 277.6041 280.2932 283.2861 284.9025 284.9025 287.1917 288.2612 289.6572 298.1112 298.1112 300.6292 305.1423 305.1423 311.1877 320.6429 324.9703 324.9703 324.9703 324.9703 340.3628 340.3628 353.5032 370.5844 368.5445 392.3783 409.0872 409.0872 409.0872 445.5177 445.5177 456.3821 456.7315 464.1927 505.047 518.065 518.065 521.2295 518.1254 519.4522 518.7251 523.4134 534.5444 537.317 532.9217 532.9217 516.6688 516.6688 509.2765 512.6457 499.5795 488.6886 467.5035 467.5035 445.4427 445.4427 445.4427 433.8057 430.3292 430.362 414.4739 415.5983
275.4262 277.6041 280.2932 280.2932 281.9433 280.7625 284.6742 288.0203 289.6171 293.9316 298.1112 298.1112 300.6292 300.6292 305.1423 309.8025 324.0744 324.9703 324.9703 324.9703 331.819 331.819 340.3628 363.6708 375.4026 376.6876 392.3782 409.0872 409.0872 428.0464 445.5177 445.5177 456.3821 456.3821 474.8665 512.795 518.065 518.065 518.065 518.065 519.4522 519.4522 528.1854 534.5444 537.317 541.2717 532.9217 516.6688 516.6688 509.2765 498.035 498.035 480.0068 480.0068 467.5035 458.3287 445.4427 445.4427 445.4427 429.4179 429.4179 427.0417 414.6578
276.2112 280.2932 280.2932 280.2932 281.9433 282.1731 284.9025 290.6392 292.7492 292.7492 296.1341 298.1112 300.6292 301.5486 304.1763 309.2099 324.9703 324.9703 324.9703 324.9703 331.819 331.819 331.819 351.9271 376.6876 376.6876 392.3782 409.6156 409.6156 428.0464 445.5177 445.5177 459.9368 459.9368 492.9594 512.795 512.795 518.065 518.065 518.065 528.2546 528.2546 534.9948 542.9184 542.9184 541.2717 533.1779 525.19 519.6184 519.6184 509.5733 504.745 480.0068 480.0068 467.1972 458.3287 445.4427 445.4427 441.0549 429.4179 427.8007 427.8007 414.6578
278.9726 278.9002 280.2932 281.9433 281.9433 283.5598 283.5598 289.6313 292.7492 292.7492 296.8383 299.7464 301.5486 304.4392 304.1763 308.8131 323.2554 324.9703 324.9703 324.9703 331.9601 331.819 331.819 347.1475 369.0594 376.6876 392.4014 409.6156 409.6156 428.0464 445.5177 445.5177 445.5177 479.0065 492.9594 512.795 512.795 520.1533 518.065 539.8497 528.4182 528.2546 535.064 542.9184 542.9184 541.2717 538.5231 528.7466 519.6184 519.6184 515.0869 504.745 480.0068 480.0068 470.832 464.9915 452.1055 452.1055 441.0549 441.2312 427.8007 429.6018 428.3178
278.9002 278.9002 281.9433 281.9433 285.7259 287.3423 287.3423 289.6313 292.7492 295.2691 298.2772 298.142 303.5565 304.4392 308.8131 308.8131 317.2484 323.2554 323.2554 331.819 338.4281 332.2463 335.5954 351.2753 363.1169 379.0718 379.5488 409.6156 418.2506 428.0464 445.5177 445.5177 464.0021 479.8062 484.7113 512.795 520.1533 520.1533 520.1533 530.5278 528.2546 536.6286 542.9875 542.9184 542.9184 539.4736 534.0807 528.7466 520.5223 519.5762 515.0869 518.4877 491.2062 480.0068 477.8012 464.9915 452.5837 447.3912 447.3912 439.4377 440.2906 440.4067 428.2167
281.8026 283.9129 284.4955 285.7259 285.7259 287.3423 287.3423 288.9391 293.9054 294.5977 296.8002 298.142 300.6103 312.0989 309.7791 308.8131 314.5511 324.7808 323.2554 332.3326 337.2719 335.5954 339.711 355.6579 358.7144 367.4128 384.8389 404.6907 418.2506 418.2506 426.9875 448.2823 479.0704 494.1129 500.2659 513.5949 513.6812 520.1533 530.343 530.343 538.7169 536.6286 552.1544 565.7039 542.9184 545.6251 541.1826 534.0807 520.5223 522.0711 518.4877 518.4877 508.7088 489.0005 481.7263 464.3045 462.1213 447.4157 449.7776 446.4507 456.1499 442.7798 442.5395
283.9129 283.9129 284.4955 284.4955 284.7529 284.7557 290.4413 290.1011 292.2898 296.0589 298.3481 298.3481 303.77 308.1725 309.4792 315.2172 318.5132 322.0835 333.208 333.208 337.2719 340.7665 346.8972 358.7144 367.3494 367.3494 376.0479 406.4612 413.471 426.9875 433.311 449.3912 472.9888 488.6811 500.3651 515.847 515.9354 521.429 530.343 538.7169 538.7169 538.7169 545.0759 542.9875 546.6294 547.0899 541.1826 533.1017 527.3741 528.0673 523.5688 523.5688 515.8949 499.7513 496.1488 484.9871 472.0855 472.6667 454.7881 454.7881 456.1499 456.1499 472.3591
283.9129 286.6198 284.4955 285.1367 284.785 286.5716 289.2513 275.3931 292.1318 294.865 297.1572 301.5078 305.055 305.055 309.5501 315.2881 322.8205 327.0679 337.9863 337.9863 342.7547 347.0506 348.4778 360.0422 365.2617 367.3494 377.1033 377.1033 421.5217 431.8382 449.3912 460.4077 460.4077 488.5482 488.5482 500.2321 513.1356 516.1243 529.663 538.7918 538.8329 546.5408 546.5408 549.2474 551.3898 549.3015 548.4247 541.5836 541.3004 533.9329 532.4553 523.1089 515.8949 513.7184 500.27 499.0048 492.1393 479.8528 476.4807 476.4807 471.7773 471.7773 479.9262
285.659 287.6644 284.7398 286.3113 287.6349 288.6337 288.6337 281.907 292.1736 298.0247 299.8922 299.8922 303.4393 306.7486 303.3309 322.7092 322.8205 332.5397 337.8913 342.9457 347.7747 347.7747 357.2183 365.9662 367.042 367.042 377.1033 384.4387 423.589 437.6018 437.6216 460.4077 469.136 484.1446 484.1446 509.7983 514.9304 513.1356 516.0926 547.0238 557.7571 549.0419 549.0419 552.7116 551.3898 557.8047 550.3624 542.5854 542.5729 532.5087 530.1172 523.1089 522.4434 513.499 501.2298 499.0048 493.3609 487.1721 491.71 484.4037 477.9156 485.9454 479.4684
284.2068 287.4748 287.4748 286.3113 287.6349 288.6337 288.6337 295.2515 298.0247 298.0247 299.8922 299.8922 305.1097 306.7486 311.9518 323.134 327.9847 331.3488 338.2048 342.9457 347.7747 347.7747 354.4018 365.9662 365.9662 374.3773 383.3365 392.3801 410.3897 423.589 438.7635 453.357 469.136 484.1446 484.1446 492.5475 509.0437 514.6005 524.5545 534.877 541.8647 541.8647 552.7116 547.7495 547.7495 550.7128 550.7029 553.0686 544.1325 544.1325 527.7534 527.7534 522.4434 518.3709 511.8352 511.8352 503.1072 496.2416 496.8331 498.0428 511.2983 513.9212 513.1503
282.4395 285.7671 285.7671 285.7671 287.8985 291.4421 293.1554 292.5994 298.0247 298.0247 301.4621 303.7297 305.1097 308.8563 312.0799 323.4891 326.875 329.7718 338.2048 340.9759 343.304 347.7747 365.9662 365.9662 365.9662 374.3773 383.3223 398.2403 410.3897 423.589 437.6018 453.3979 475.8311 475.8311 475.8311 490.1745 494.2104 494.2104 523.7363 527.7095 534.7728 538.4426 538.4426 539.3053 539.3053 550.7183 550.7128 553.0686 544.1325 544.1325 538.521 533.1187 524.5975 523.726 514.4021 509.0847 511.2176 504.352 511.8506 518.6531 525.4351 529.938 529.938
280.6616 287.4365 285.566 285.566 288.4108 293.606 294.2967 293.6593 298.0618 299.5174 302.6033 304.8709 307.2175 312.2585 316.3888 327.0228 327.9856 329.7718 334.5058 334.9688 343.0369 350.297 356.5227 365.9662 365.9662 374.5942 383.528 383.528 400.7422 415.7042 440.3305 447.7222 462.8998 475.8311 475.8311 481.7304 484.3539 498.2074 493.8476 501.9609 520.5597 528.5735 530.7159 539.3053 539.3053 554.6475 553.314 545.0906 545.0906 538.521 538.521 536.8536 533.0627 527.8802 514.4021 518.5044 515.3848 526.9013 526.0713 526.9432 531.9979 528.151 529.938
282.778 284.3914 285.5594 288.3103 289.4633 293.606 294.7282 294.7282 298.111 299.837 303.3549 307.0026 311.5823 315.6499 321.0312 327.0355 331.1514 331.1514 334.5057 336.5031 342.7484 348.723 352.6621 366.1831 366.183 374.5942 383.528 383.528 391.5023 403.4708 421.1871 441.2361 448.6951 462.8998 477.0833 477.0833 479.7069 498.6493 493.5743 497.3045 507.4191 523.759 530.7159 530.7159 527.6274 539.8406 539.8406 531.8527 539.4791 539.4791 543.6942 540.8715 539.7926 527.8802 529.5197 529.9072 529.9072 528.9852 535.0969 534.88 540.8492 538.056 536.7522
281.2316 283.8989 286.0219 289.3158 287.5092 291.0144 294.7282 294.7282 299.2133 302.032 307.1925 310.3942 314.4423 317.0296 322.5953 326.8209 331.1514 331.6069 337.0854 336.5031 343.0158 352.4052 354.0882 364.8166 370.6121 380.8307 384.4059 391.5023 392.1106 391.5024 420.2379 429.1998 441.2361 454.8666 461.4066 470.884 476.2721 484.7339 497.3045 497.3045 507.4191 516.1881 517.5753 528.3465 529.0226 529.1051 533.947 538.1704 539.4791 539.4791 543.6942 545.3521 540.1408 532.171 535.2623 529.9072 529.9072 541.4676 535.0967 540.4224 542.217 551.9312 551.661
281.8706 285.9685 288.8698 289.1913 290.9002 293.9644 296.0269 299.8207 299.2431 304.6606 304.6606 311.6632 313.1529 314.7819 322.1487 322.1971 325.9066 332.2552 337.6766 336.7705 340.0688 344.8371 355.1134 351.3561 373.8708 375.4721 384.4059 391.5023 395.6873 394.2121 401.3801 427.6296 429.8951 432.6579 444.4751 444.3466 474.2431 484.7339 485.3216 497.3045 509.5615 508.396 508.396 532.1965 529.851 529.1051 531.048 548.9157 538.1401 539.4791 548.1992 544.3837 536.9993 532.171 535.2623 542.869 535.8865 534.4252 542.4625 543.2911 550.1736 559.4869 573.0272
282.96 285.9243 286.2302 293.905 293.905 295.1486 296.9449 295.4863 300.5334 304.9861 307.9448 311.6632 315.9892 316.0549 318.0668 322.1997 327.0883 331.4188 336.7705 336.7705 340.0688 340.3735 351.8369 352.1143 354.6811 369.2509 384.3833 391.5023 393.3674 393.3674 402.2896 415.063 427.2459 432.8443 438.9967 441.1154 446.4899 462.3577 462.3577 477.5295 487.1228 496.7611 500.0848 501.6319 512.8804 512.8804 526.8389 526.8389 526.8389 540.9706 538.2203 537.6273 534.1713 534.1713 545.7856 542.869 535.2098 540.318 543.2911 543.2911 544.3218 551.2124 556.707
286.0833 285.9243 288.6808 293.905 293.905 294.2742 295.4793 297.5088 304.9861 304.9861 307.9448 309.1788 314.7162 316.0613 315.4899 325.2658 327.0883 331.4188 336.7705 338.5522 340.3735 340.3735 347.3734 354.6811 359.4166 364.6623 379.0334 379.0334 387.1462 388.6768 400.7436 400.7357 412.2728 416.6638 423.3147 425.9316 438.7174 451.6187 451.6187 451.6187 476.1945 477.9507 483.8047 495.2599 508.0403 512.8804 522.7532 526.8389 531.7883 544.2852 548.832 539.8976 537.7813 540.1506 537.7058 537.7058 531.8951 525.5656 530.7971 539.903 540.4318 542.2701 542.2577
274.7733 285.5044 291.8575 291.7339 294.0714 294.5019 294.8216 300.8849 299.3192 303.6443 311.3411 309.1788 309.1788 314.7655 314.201 316.5596 316.5596 324.5169 330.9746 336.4614 338.2827 338.2827 347.3734 353.7133 358.0405 369.4135 377.1472 379.2196 386.7905 387.401 394.259 394.259 401.7018 416.6638 421.9059 425.9316 443.6498 438.9174 451.6187 454.3238 461.1195 467.5829 484.6066 498.8766 503.8605 503.8605 522.7532 531.7883 531.7883 539.1252 535.0304 534.5773 534.5773 535.2596 529.6592 529.6592 522.8392 518.3747 516.5977 534.7156 536.223 537.5355 536.4766
283.1597 287.9172 291.8575 292.4627 293.339 294.5019 294.1357 302.5568 300.6261 302.8701 305.7289 305.5542 307.4974 306.9532 314.201 314.2753 322.0205 324.5169 324.5169 336.8994 336.8994 341.7679 347.1136 353.7133 360.7266 369.4135 371.4859 374.148 380.0265 386.358 394.259 394.259 402.9889 403.478 405.4643 413.1503 425.5842 429.4258 435.1865 451.4741 451.6614 450.7123 475.5425 494.468 494.468 494.468 504.2693 521.7504 526.5585 532.3596 529.5369 534.5773 534.5773 527.0232 519.8951 518.0847 512.813 512.813 508.3379 520.9532 522.7543 530.1633 536.4766
285.3628 287.9379 292.3899 290.5393 290.5393 293.6197 293.1366 295.5905 300.6156 300.6156 304.9109 305.172 304.6692 304.6201 307.9836 311.8357 321.5974 322.7743 325.5447 328.843 334.5358 339.5734 348.114 353.3336 360.7266 363.4278 365.4644 375.3795 380.0265 386.7997 386.7997 389.8452 399.8331 400.8601 403.712 408.8266 411.4409 426.0904 427.7434 433.4225 444.4731 452.0307 452.2974 469.5684 494.468 494.468 494.468 517.505 525.2189 525.2189 533.0422 529.9332 528.629 522.8244 519.8951 511.1207 502.9683 502.9683 491.3885 497.086 489.1303 497.0418 507.0756
287.2364 293.7373 290.5393 290.5393 290.5393 292.5106 293.7463 300.8636 300.7054 297.2198 303.4033 304.164 304.2846 304.6201 306.8808 309.3857 316.0594 314.6283 322.4268 328.843 328.843 339.2053 344.2429 344.2429 355.1273 367.6193 372.2928 372.2928 374.2879 378.8439 377.1226 385.8705 391.9286 391.3818 396.1979 397.3383 411.4409 420.6998 433.4225 433.924 433.924 437.3343 439.8003 458.3746 458.3746 473.2655 477.869 488.8131 506.7162 519.275 526.6592 527.8038 522.1147 515.9381 510.0243 502.2585 498.2878 498.2878 491.7163 486.5538 484.1879 485.3834 491.9531
294.3752 293.7373 291.856 290.5393 290.5393 294.036 297.802 300.1369 300.4521 294.5086 302.3952 302.3952 302.3945 304.3779 309.3857 309.3857 314.9477 319.1693 324.2866 324.661 329.0735 331.8165 340.3683 347.6993 354.7741 359.2787 370.5828 370.5828 373.1053 372.6906 372.703 377.3377 386.7722 391.3818 397.3383 397.3383 403.6374 414.0328 428.7559 433.924 434.3895 437.0889 439.8003 447.9822 454.5426 454.5426 465.4165 484.3603 484.4364 496.8828 496.9892 504.1288 515.4767 507.9805 507.9805 494.2733 489.9355 485.5692 488.1831 485.1616 484.2191 480.6332 483.4883
293.9951 294.3752 295.7722 293.5057 296.3066 294.1042 298.6104 300.1369 301.1248 298.6015 300.834 302.3952 302.3945 305.1654 308.7036 313.6394 311.7466 316.9502 322.4351 326.1675 329.6277 329.467 333.5008 339.5568 356.2967 356.2967 366.6644 365.9354 368.8835 369.1869 372.7014 377.3575 381.5214 391.3818 397.3383 397.3383 400.0351 411.8999 424.7497 436.1158 434.1413 434.011 443.6657 445.6598 449.6393 450.2037 461.922 469.9739 484.386 484.7105 487.1878 490.0969 500.0667 499.5936 504.8643 487.2373 486.0797 475.47 472.5306 474.3393 473.5886 478.301 482.173
