Python/newwww.txt
ncols         498
nrows         251
xllcorner     4.688452906936
yllcorner     45.640936588936
cellsize      0.00086698612799998
NODATA_value  -9999
[rows 28 to 55 of 251, columns 189 to 251 of 498]
183.8556 187.5934 193.6977 192.5329 191.721 192.3996 192.3996 195.71 198.8693 201.3372 207.2621 209.5318 214.4497 214.4497 220.3491 220.987 222.8338 228.5531 227.7463 228.326 228.8007 240.0479 246.9814 252.8388 252.8388 257.9991 261.4037 267.8823 269.8033 276.3316 282.4967 282.5761 283.0301 285.2227 284.4334 283.434 281.9373 281.9737 281.9737 279.868 282.758 285.2898 284.1921 284.7168 285.2846 285.0539 285.9365 285.9365 285.6171 287.5301 289.4054 290.3036 294.4896 296.6103 296.6103 296.881 300.6785 300.6785 302.2154 302.4492 302.4492 306.732 307.0128
183.7055 182.6528 182.4553 185.4373 185.3593 192.3996 192.1337 196.1944 194.2695 201.5408 207.4654 210.0533 211.437 218.1236 217.6023 217.8079 212.3593 222.8133 221.0529 221.3838 228.8007 233.4242 240.3447 246.6738 246.6738 250.1659 255.2598 261.716 268.6264 275.1548 281.781 282.235 282.235 280.0674 279.3033 278.4238 278.568 278.4238 279.868 279.3627 279.2052 280.0775 279.0446 281.8338 282.0583 284.2592 285.6226 285.6226 285.3032 287.2887 289.4054 290.8065 294.4896 295.2395 295.3033 292.4091 297.4571 300.7458 300.7458 301.4884 302.9547 303.0178 304.9782
177.8564 180.3938 182.4553 185.4864 185.1259 185.1259 188.9231 190.643 192.4561 202.0421 204.7679 210.0533 211.437 214.5896 214.5896 222.6358 219.5347 217.2477 215.5449 214.9464 224.0914 231.6999 230.2639 243.231 244.5306 259.4074 258.9973 272.9966 262.7255 269.6198 274.95 277.5411 280.9773 279.0421 276.6836 276.0717 282.1795 275.267 276.7608 276.6747 273.9866 276.0575 279.3556 279.1158 279.8601 282.7653 285.9204 285.9204 285.9084 284.9488 288.7561 291.288 294.9752 291.4078 294.5047 295.1458 296.7666 298.5786 300.0938 301.4884 299.0991 302.0853 304.4528
176.7574 180.374 178.3274 185.4864 185.1259 190.4516 189.3389 189.0869 203.7878 197.5418 203.7303 207.788 215.1913 214.5896 214.555 212.3776 216.0404 216.0404 215.3241 212.1375 215.3717 228.9531 227.9172 234.3377 241.2712 245.2442 246.76 254.7041 260.8479 268.0169 273.7514 273.6923 273.2273 273.2807 271.1504 270.3847 271.6438 271.6438 272.6084 273.9866 273.9866 273.9866 279.6593 279.6593 280.0414 286.5367 287.165 286.7097 287.2213 289.2122 290.7305 292.7478 294.3596 294.9752 294.7025 295.1458 295.7144 298.5786 299.3212 300.1851 300.3289 300.3289 302.1363
173.3092 180.3279 178.5565 185.1259 185.1259 190.6763 190.3624 192.0502 194.3833 197.5418 203.7303 212.926 212.926 214.5896 219.7998 222.533 223.1252 222.4849 216.0404 216.0404 219.6515 226.7582 222.1678 232.1493 242.4867 246.76 251.2711 251.2711 257.9091 258.7343 268.9462 267.0109 269.352 266.8751 266.8751 268.6632 268.6632 268.6632 272.6084 272.6084 272.6084 271.915 275.8845 280.6005 280.6005 284.485 287.6863 287.6863 288.5572 292.0591 292.1221 294.1845 294.1845 294.8472 294.8495 295.9132 297.1107 297.8903 299.3012 300.6667 300.6667 300.6576 302.618
175.3644 174.7364 175.839 180.9496 186.1681 186.1681 192.0502 192.0502 194.3825 199.907 207.4263 208.8683 212.926 218.2498 219.7998 222.533 222.533 219.2171 218.9503 220.036 223.8145 227.4367 234.3955 240.1308 238.6964 238.6964 249.0889 252.4861 254.7476 256.3342 267.0109 267.0109 264.6524 266.8751 265.0701 268.6632 268.6632 268.6632 270.131 272.6084 272.8815 272.8815 272.9437 278.9567 280.1848 283.4449 288.834 289.1869 289.7192 291.6751 293.5415 295.187 294.1845 294.683 294.683 298.4726 297.4693 298.6663 298.6663 300.8823 301.064 301.064 303.2616
171.6287 167.7672 176.0747 183.4176 185.0994 185.0994 192.0502 192.0502 194.3825 199.907 207.4263 208.8683 215.9707 218.0511 222.6454 222.533 222.533 225.8377 222.255 223.3407 228.7853 227.4367 236.9044 236.9044 241.6612 246.1723 242.5265 252.4861 251.9979 256.5919 267.0109 264.4123 264.6524 265.0701 265.0701 273.4298 268.6644 268.6632 267.8078 270.4041 272.8815 272.8815 273.3724 280.1522 282.2414 285.5804 288.834 288.834 291.1205 291.8194 294.9371 295.2017 295.3163 294.683 295.3477 300.9519 297.1474 298.3135 298.3135 299.8882 299.8882 302.6432 303.8465
170.1054 174.0709 175.1542 182.315 183.4176 183.8691 190.8199 190.8199 190.8199 204.7247 216.0791 212.8655 216.9232 220.754 220.7843 230.1614 230.1614 232.6896 231.1355 227.6194 234.685 232.1914 234.6219 239.1261 245.0058 248.606 250.2595 251.9979 251.9979 257.4676 264.4123 264.4123 262.5866 262.7148 265.0701 264.2319 264.012 267.8078 266.0948 264.8285 269.2057 272.8815 274.5025 277.758 281.7376 286.411 287.0404 289.5125 291.6127 292.4488 294.7222 296.9631 296.9631 296.1052 296.1052 297.055 297.1468 298.8856 298.0132 298.7302 301.4674 303.4512 302.6762
170.396 170.396 177.9733 178.0721 180.0381 187.2483 189.6475 194.9366 203.9657 203.8821 210.6585 221.2746 225.7684 226.3855 229.1217 230.1614 230.1614 230.8695 233.4267 229.1507 232.113 236.6048 236.6048 242.7554 242.7554 250.5068 250.8922 250.8861 255.6738 257.4676 265.4977 262.1459 260.1788 260.1165 263.5112 263.4544 261.1378 265.8302 266.897 269.3718 270.6931 270.7555 274.4818 278.8838 281.7376 283.585 287.5326 290.8397 291.5121 293.0355 295.2216 296.3245 296.8456 296.557 297.6229 298.0496 298.5529 298.8856 298.8856 300.8873 302.004 302.8727 302.6707
170.4291 171.8754 175.3885 178.4573 185.1458 191.1853 199.8563 191.8212 203.3173 211.3168 216.2111 225.0765 228.6503 236.0147 237.1455 239.5564 239.2254 234.8587 236.8831 240.1246 240.2164 246.1321 241.096 241.1302 247.6087 248.7752 256.7657 254.8448 262.4806 245.0611 263.64 261.081 258.6066 259.242 260.5894 262.0992 262.0951 264.582 265.135 266.9651 267.0058 271.3465 273.773 278.4296 280.3365 285.912 290.7312 291.5069 292.8556 294.1192 294.2117 294.2117 295.9973 296.557 297.7967 297.4316 299.2293 299.2293 299.0381 300.8873 300.8873 301.5127 302.383
170.9414 170.9414 175.0029 178.0254 183.7154 196.9291 199.8563 199.7649 208.6426 208.6426 216.2111 219.6559 237.0822 237.0822 239.8707 243.2388 247.5863 243.9039 244.0632 243.7854 249.2534 247.4128 249.4915 249.4915 249.6571 251.3757 251.5534 253.1805 259.0714 260.665 260.5257 259.7923 259.7923 256.0127 259.9513 260.5894 263.6116 263.6617 263.614 265.7692 267.0058 270.4868 273.8288 278.4296 280.3365 284.4515 290.7416 290.6176 291.9643 293.9985 294.2117 294.2117 294.2117 294.8402 296.9925 296.3143 299.1202 299.1202 299.2379 300.9694 300.8562 301.1895 303.435
170.594 174.6555 175.0029 179.8295 192.1031 198.7712 198.7712 205.6494 216.1334 216.1334 219.2771 227.9075 228.16 241.7019 241.7019 252.2061 252.2061 252.2061 252.885 252.885 253.6263 251.9408 249.4915 249.4915 249.4915 251.4583 255.1183 256.8582 259.3733 259.5765 260.5257 260.5257 261.9754 261.7254 261.7254 263.6116 263.6116 263.6617 264.7686 266.258 265.9249 268.0394 270.4868 277.6193 282.6371 284.372 288.3228 290.2609 291.9236 292.4096 292.1697 293.0999 293.8879 293.7971 296.179 296.2935 298.0615 298.4255 298.4255 301.4805 300.9699 300.5685 300.9679
170.4464 170.4464 174.6555 181.9553 188.2146 195.0773 202.6293 210.0639 213.2062 220.4772 224.7148 224.7148 236.2813 244.2694 250.8862 252.4662 252.4662 255.5477 256.2266 256.8718 256.9459 256.9678 257.4489 254.3454 256.3865 256.5521 256.8582 256.8582 258.4448 260.335 260.9928 260.9928 261.9754 262.8047 261.7254 263.6116 264.4674 264.4674 264.4355 264.4355 268.0394 268.0394 270.9373 276.7344 283.6805 285.4843 288.0799 291.3944 291.6703 291.6703 292.0021 292.3911 293.1935 293.1804 294.1675 295.5988 296.6555 298.4255 298.4255 299.0218 299.6657 299.6657 300.1565
170.4464 170.4464 177.6513 180.9944 188.2146 195.0773 202.3735 209.3177 216.6817 224.7148 224.7148 232.8361 237.8947 244.9838 250.8862 254.1775 257.259 255.5477 257.3204 257.5099 257.508 257.9843 258.769 256.3197 258.8719 260.5407 258.8938 258.8938 259.298 261.7112 260.9854 261.41 261.2095 262.8047 262.8047 265.2609 265.2125 264.0068 264.4355 264.4355 268.0394 268.0394 270.126 277.7418 282.0243 286.3749 287.8806 289.4528 291.3944 291.2955 288.8987 292.0107 292.5101 293.09 293.9415 293.2404 293.5092 295.5362 296.289 297.6925 298.998 298.351 300.1565
171.5123 178.2414 178.2414 188.4852 195.7054 186.476 196.8096 209.3177 216.6817 219.5292 233.5094 235.4711 232.8361 244.5116 254.4238 255.6836 258.4044 258.3528 259.6328 259.6328 259.6328 260.7672 262.1501 261.6147 260.1843 260.5407 260.7063 258.8938 260.2948 261.7112 260.9854 262.1685 262.3123 262.1118 262.1118 266.3647 266.3647 267.6868 267.7977 268.6717 269.0034 269.2447 270.8823 278.2805 284.4206 284.4206 287.65 287.65 291.2645 290.2304 291.394 291.9111 292.0572 290.2152 290.2609 293.5092 293.7965 294.254 295.3153 296.3075 297.0737 297.4984 299.0327
171.1913 176.3017 185.1422 192.2473 195.5725 195.5725 209.9981 209.9981 216.6823 220.891 234.1247 236.8376 243.6884 251.4433 257.5359 257.7104 257.2972 259.9119 260.1596 260.8329 261.6738 261.6738 262.1501 263.7932 262.0097 262.4882 261.4841 259.7016 261.3968 261.7112 262.9632 263.1298 263.3513 262.1125 266.3647 266.3647 267.7686 268.4133 267.9583 269.989 271.773 271.4442 273.6452 276.4622 282.5056 283.1898 286.6864 286.6864 290.2233 287.7793 289.1541 288.0198 288.1013 289.7056 288.8993 289.8275 291.8723 291.8723 294.7971 294.7971 296.0236 296.0236 296.0235
183.0936 182.859 189.7396 197.7107 205.8255 202.6314 210.1128 216.9349 225.0509 229.8335 237.8666 237.8666 244.4834 252.2383 256.6931 258.5735 259.6898 262.4149 261.4555 262.9336 263.3957 263.3169 263.3169 263.7932 263.7932 262.8626 263.8102 265.4534 264.0908 263.1864 262.9632 263.1298 265.7473 265.3849 267.7572 268.8721 268.8743 270.5935 271.1728 271.1728 271.1728 272.9583 273.6466 277.0816 279.9871 281.5528 283.2804 284.0317 285.9152 286.3372 288.0198 287.3167 288.1013 288.7256 288.7847 288.9715 289.1449 292.02 290.735 293.0773 294.1147 296.0236 295.7524
185.5659 192.5833 202.1122 204.5387 213.449 213.8222 221.5908 235.4636 235.4636 235.5742 244.4807 244.3352 244.4834 252.8849 258.9509 258.6031 261.5132 262.4821 263.1938 264.343 264.056 265.1533 265.1533 266.4604 266.4604 265.9403 267.1994 265.1032 266.6314 266.6701 265.6246 265.7913 269.1908 270.332 270.0059 269.9172 271.1703 270.8976 271.1728 271.1728 271.4446 271.7569 274.5283 275.3422 278.1161 279.9871 280.7604 282.813 284.827 286.1733 286.3167 286.7279 286.9387 287.7854 287.7854 288.7847 288.7907 291.2517 291.1928 291.9854 294.1147 295.7524 294.7939
185.171 199.5394 204.5928 209.0827 219.7368 227.2968 221.6066 232.8391 235.4636 244.3234 244.4807 244.4807 252.2916 252.8849 258.9509 261.776 262.0335 263.4804 263.5203 264.3123 265.2591 266.2128 266.4604 266.5013 266.4604 268.4034 270.1049 269.7642 269.7642 270.5017 270.5017 271.1087 271.7777 272.4302 272.8578 272.4587 272.443 272.443 272.443 272.443 273.182 272.553 272.5287 275.3422 277.7159 278.5131 279.1994 279.5368 282.9279 283.949 286.2763 286.6516 287.0996 287.2222 287.7854 287.7854 287.9534 284.9231 286.126 286.126 284.8405 284.0338 287.3355
192.1271 199.1146 206.1298 196.682 217.3103 227.2968 233.9496 235.6281 236.3298 249.3022 252.1839 252.7325 253.0161 259.0552 261.7576 262.5604 263.7305 264.7981 264.8578 265.309 268.3248 267.2434 267.2266 267.5796 267.7535 268.4034 270.2529 269.8087 270.2765 271.1243 271.1087 271.7753 272.8451 272.8475 273.0768 271.5017 272.9414 272.073 272.443 273.0242 273.0242 273.0242 272.5286 275.2764 277.9607 278.1273 278.3773 279.9918 281.5098 282.7961 282.9659 283.5815 282.8846 282.8362 283.9702 284.1025 284.103 284.9231 281.2794 282.7806 279.7996 280.5894 287.3961
205.7371 206.6581 206.5498 212.5554 233.6354 234.0179 234.6584 235.6281 243.8516 244.4717 252.1839 253.1369 255.5711 261.3216 262.405 263.7305 263.7305 264.7202 266.0841 266.2646 267.1687 267.1095 268.074 268.074 268.4704 269.9985 270.1922 270.5491 270.7909 271.1243 271.1243 272.8451 272.8451 273.15 273.0768 273.2792 273.2732 272.6743 273.0242 273.0242 273.0242 273.0242 272.5286 273.8454 277.439 278.1273 278.9086 279.4378 277.0265 276.0277 276.7484 276.8552 277.0964 279.0518 280.6943 276.2899 282.1928 277.8322 277.8322 278.7816 276.1248 276.1248 279.5554
212.7402 213.5206 220.954 228.4702 233.6354 236.4537 244.729 246.2685 244.3547 244.3547 255.187 255.0225 255.4047 262.9324 262.7621 265.5291 265.3633 266.2319 266.9413 266.9413 267.3719 268.3391 268.3391 269.0139 269.0139 269.9985 270.5194 271.6747 272.2715 272.334 272.7774 274.0107 272.8451 272.8451 273.5713 273.5713 273.2792 273.5554 273.5554 273.5554 273.6468 273.7805 274.272 275.2526 276.4378 277.5603 277.727 278.2528 274.6851 274.7432 275.9336 276.8552 276.8552 276.8552 274.372 276.1652 277.2102 277.2102 275.0185 275.1099 276.1248 275.0927 275.0927
217.537 219.738 227.0074 228.4702 236.8522 244.729 244.729 244.729 246.2685 255.0488 256.7222 256.7222 263.0475 264.0017 265.262 265.7139 267.18 267.18 267.8113 267.4659 267.4659 268.3391 268.3405 269.3839 269.3754 270.8586 272.0892 272.0892 272.6818 273.7427 274.2813 274.8049 274.8049 274.0107 274.1684 274.5102 275.7357 275.7357 275.4299 275.4299 275.9544 276.3766 275.9132 274.9672 275.305 273.948 275.3133 273.2293 272.9262 273.1882 273.189 275.9336 276.8552 274.7688 271.862 272.8077 273.3135 272.5474 271.2742 275.1099 270.3373 267.9434 267.9434
224.4055 227.4713 227.0074 236.4243 241.5111 244.4559 245.44 244.7518 253.8976 255.0488 256.7222 257.751 263.2473 264.501 265.2844 266.7011 266.6448 267.18 267.8113 268.414 268.9686 269.0701 269.8078 270.0677 270.1443 272.3349 272.3349 274.3593 274.9362 274.5955 275.4819 275.6577 275.6577 275.5867 273.2134 272.7985 273.0905 276.418 276.2738 276.4103 276.8453 276.8453 276.7306 274.0621 271.0292 271.489 273.8147 274.5558 270.3701 273.189 271.2691 272.9688 272.471 270.3195 271.862 271.862 268.1448 267.5569 263.9607 257.2832 262.4478 260.3624 253.205
223.977 233.5341 232.1698 236.4243 241.3469 244.2917 251.3779 253.0144 253.9023 260.2048 262.0974 262.5482 263.6135 264.6953 266.3022 266.7011 266.7011 267.7341 268.4699 269.145 271.1398 269.8665 269.9327 270.1443 270.1443 272.3349 273.0842 274.9224 274.9361 274.6673 275.4819 276.0055 273.25 273.2498 270.9522 270.8325 270.8197 273.8741 273.7652 274.0727 275.3422 275.3534 272.8298 272.2586 271.5521 267.7835 266.7984 263.5197 260.2758 263.817 268.1004 266.4656 267.7494 262.4166 268.7797 265.8232 261.1253 253.195 246.4775 248.8033 249.9194 242.4953 237.7311
223.977 239.5875 232.1695 240.4406 241.8645 247.9354 250.1761 258.3857 259.7458 259.8143 261.619 262.154 264.7542 265.453 266.3564 266.73 267.2286 267.8786 268.8884 268.9575 269.7897 270.3626 270.1522 270.2192 270.2192 273.7393 275.0955 275.3247 276.0782 276.2307 274.1502 275.3093 272.8858 271.7555 272.7075 274.4039 271.8607 274.6208 271.4279 271.4279 272.6971 273.3349 275.1867 272.2586 267.7762 263.8853 263.0627 268.2422 258.7646 259.467 259.467 263.6667 262.9226 257.5215 264.563 259.8351 253.2543 245.6807 244.6666 237.2545 238.2981 227.3144 228.3046
232.0951 247.4273 247.4273 248.281 250.106 254.9419 257.4939 258.1412 260.3674 261.5112 262.2614 263.0116 264.6375 265.8898 265.8898 267.7236 267.6653 267.7102 268.5623 268.4932 269.0246 269.9439 270.4821 271.2753 272.8493 274.7609 275.5761 275.5761 276.0782 276.4613 271.7495 271.7495 271.2637 272.7075 272.7075 272.7075 272.525 272.1102 272.1102 270.2615 270.2615 273.334 272.7556 268.7481 268.4714 263.8853 263.0627 263.0627 259.6654 257.3935 257.3935 250.4802 255.9345 254.5507 240.1579 240.1579 237.6054 236.6345 228.6231 228.6231 226.4714 217.2931 217.2931
239.935 247.4273 247.4273 247.8298 255.0272 257.2699 257.5898 258.5388 260.4231 260.4231 262.2272 262.8957 265.5014 265.5014 266.1515 270.6945 267.6653 267.6653 268.729 268.8599 269.7977 270.0219 270.0219 272.4415 273.6332 275.3986 275.3986 275.5761 274.1739 270.9899 271.7495 271.7495 271.7495 272.7075 272.7075 273.0816 272.525 272.332 272.086 270.264 270.2615 267.7567 269.0679 272.3302 265.2994 263.7912 263.0627 265.6795 259.8641 257.3935 257.3935 250.5555 247.6995 254.432 240.19 240.1579 224.7308 219.3305 219.3305 219.075 224.3717 217.8968 217.2931
