Python/newwww.txt
ncols         498
nrows         251
xllcorner     4.688452906936
yllcorner     45.640936588936
cellsize      0.00086698612799998
NODATA_value  -9999
[rows 112 to 139 of 251, columns 378 to 440 of 498]
210.7495 210.7495 208.8333 208.2209 208.8077 208.7242 208.3282 208.1616 207.6803 207.5137 206.7678 206.6528 206.4405 206.4405 206.4405 206.5313 206.1255 206.1 206.3273 206.3149 206.7405 207.0426 207.0426 207.3062 207.6285 207.8235 207.8235 208.718 208.7741 208.7008 209.1967 209.1967 209.1961 210.346 210.346 211.1012 211.6091 211.6091 211.6091 211.6199 211.8699 214.692 214.693 214.5683 214.1516 214.8513 214.311 213.3007 212.5878 214.1916 214.6222 214.4409 214.9514 214.3558 214.8521 211.1364 210.1515 209.3445 210.5264 209.1347 206.6343 206.6343 206.6343
210.7495 210.3408 209.1537 209.4013 209.4529 209.4529 208.8882 208.1616 207.6803 207.5137 207.4751 207.4751 206.9644 206.9512 206.5313 206.5313 206.5313 206.9761 206.9168 206.6592 207.081 207.0426 207.0426 207.2987 207.6285 207.8871 208.325 208.7008 208.7008 208.7008 209.1967 209.1967 209.6981 210.1107 210.9093 211.6091 211.6091 212.0257 212.0257 212.0257 211.8699 214.693 214.693 214.5683 215.018 214.8513 217.827 217.4078 219.2078 218.3261 217.9912 217.9912 217.9912 217.9472 217.9472 214.2134 213.9791 214.3021 210.7678 209.4843 209.2289 209.2289 206.6974
211.418 211.418 210.2324 210.4208 209.4529 209.4529 208.8882 208.7216 208.1616 208.0264 207.8156 207.4751 207.9859 206.9512 207.0694 207.2892 206.9761 207.4868 207.081 207.4215 207.0426 207.3649 207.7917 207.7917 207.8846 208.3969 208.6392 209.0151 209.0151 208.7008 209.1967 209.6781 210.1795 210.7021 211.4172 211.8338 212.0257 212.0257 212.0257 212.0507 213.8953 214.693 214.693 214.9849 215.268 214.8513 217.827 219.6348 219.2078 218.3664 217.9912 217.9912 217.9472 217.9472 217.9472 214.213 214.2861 214.5848 210.9612 210.6592 207.6288 207.2972 207.2972
211.9918 211.9918 210.6618 210.4208 210.6643 209.3123 208.8882 208.7216 208.9004 208.518 207.9859 207.9859 207.9859 207.5471 207.4619 207.4868 207.4868 207.4868 207.6769 207.9131 208.1332 207.8771 207.8771 208.1408 208.653 208.3969 208.9315 209.0151 209.0151 209.5945 209.5945 210.0959 210.5992 211.0046 211.8826 211.8338 212.0257 212.0257 212.0257 212.4308 214.8374 215.1822 215.1822 214.9849 215.6847 215.268 218.1495 220.0407 219.6215 220.2612 220.1491 220.1491 218.5083 217.9472 217.9472 217.9472 214.7279 214.5848 210.7949 210.7949 209.9579 209.995 207.2972
211.9918 211.9675 211.5809 210.6643 210.6643 210.6643 210.0848 209.7337 209.0671 208.8585 208.3477 207.9859 208.3923 208.4306 208.0315 208.129 207.9918 207.9818 207.6792 207.9131 208.1332 208.1332 208.5676 208.7384 208.7384 208.8237 209.3494 209.3494 209.3494 209.9288 210.0124 210.5974 210.5974 211.1023 211.8175 212.2876 212.0838 212.2388 212.4308 212.4308 212.7641 215.4205 215.4205 216.0788 218.9828 218.9828 218.5662 220.0407 222.0506 222.0692 220.9859 220.1491 220.077 217.9472 217.9472 217.9472 216.5041 214.5848 214.4185 211.0503 209.995 209.995 209.995
212.4096 212.4096 212.4096 210.8936 211.408 210.6694 210.9121 209.7337 209.2337 209.2602 208.7199 208.4202 208.3923 208.9222 208.5212 208.1246 207.9784 207.9902 208.2216 208.1332 208.7309 208.7309 208.9945 208.7384 208.7384 209.2445 208.7239 209.5453 210.3467 210.3467 210.4302 210.5974 210.603 211.2825 211.978 212.2876 212.2876 212.8222 212.9205 212.8888 213.5445 215.6719 215.6719 215.6305 216.0788 218.9828 218.9828 225.1261 229.3554 223.1261 222.0692 222.0692 220.9859 220.9859 220.69 220.1105 219.5564 217.6371 217.3857 211.0503 213.2176 209.995 212.1617
212.4096 212.4096 212.924 211.408 211.408 211.3961 210.9286 210.7987 210.4737 210.016 209.7812 209.1481 209.1481 208.9222 209.1644 209.3346 209.3346 209.249 208.7445 208.7309 208.7309 208.9945 208.9945 209.1652 209.1652 209.5067 210.1589 210.8975 210.7489 210.7489 210.7489 210.8481 211.4214 211.6717 212.0869 213.039 213.039 213.039 213.0385 213.4231 215.6282 215.6719 215.9638 216.0256 218.5214 218.9828 221.4119 223.5531 224.3815 223.8761 223.1261 222.9859 222.9859 222.6526 223.1185 225.4275 224.2278 224.1699 221.8877 216.8412 213.2176 215.3166 215.2901
212.7355 212.624 212.3726 211.408 211.408 211.408 211.5653 211.6582 210.9649 210.9649 210.4998 210.3398 210.0845 209.7602 209.7602 209.9391 209.9391 209.9305 209.8454 209.7801 209.4081 209.6718 210.0255 210.4524 210.3671 210.5679 211.3044 211.1668 211.1668 211.1668 211.5847 211.6682 211.6682 212.3369 212.5883 213.039 213.039 213.039 213.039 213.3723 213.6471 216.7218 216.7218 216.8824 219.6914 220.19 222.4119 224.7198 224.3786 224.8786 224.1261 224.1261 231.8107 228.2041 229.9688 230.0313 230.0313 228.0578 228.0578 224.3374 226.5139 226.2779 221.8666
214.5216 212.9231 211.8743 211.8533 211.9174 212.165 212.2732 212.0827 211.5356 211.4049 210.6705 210.3398 210.2547 210.3266 210.2871 209.9399 210.4563 210.3074 210.7423 210.6755 210.5659 210.1963 210.4524 210.4524 210.7939 211.5552 211.6387 211.5131 211.5847 211.5847 211.5847 211.7518 211.7401 212.7642 213.039 213.1223 213.1223 213.539 213.3732 213.8772 214.3489 216.7218 216.7218 216.8824 216.8824 220.7733 222.807 225.1148 225.2953 225.2953 229.0399 228.8708 236.7132 232.173 232.3381 232.3381 231.1714 233.2667 234.772 232.1706 230.5687 229.2261 229.5515
216.6741 213.3609 212.4854 212.4166 212.3511 212.3164 212.371 212.371 212.4148 211.8302 211.77 211.2066 211.0916 210.7866 210.518 210.3774 210.3833 210.7423 210.787 211.1963 211.0235 210.5378 210.4524 210.4524 211.2209 211.5552 211.6387 211.7222 211.8354 211.8354 211.8354 211.7518 212.2302 212.6805 213.3489 213.4478 213.4557 213.9025 213.9025 214.2574 214.3489 214.3489 217.1475 217.1475 217.1475 220.8581 222.8573 223.8825 225.6903 229.7066 232.9255 232.9255 232.9255 235.1637 235.1637 232.3381 235.6527 236.7148 235.8248 236.2747 233.607 233.9455 233.9455
218.0563 215.5859 212.4166 212.3511 212.597 212.7248 212.6656 212.371 212.4148 212.0889 212.1123 212.061 211.4855 211.2375 211.0476 210.9606 210.9162 211.1974 211.0636 211.1919 211.1743 210.9365 210.8186 210.9022 211.2209 211.5552 211.8479 211.4608 211.973 211.8354 211.8354 212.4918 213.1586 212.5124 213.6823 213.7812 214.2778 214.1156 214.075 214.2638 214.2719 214.7987 214.7745 217.1475 217.7433 219.538 222.8587 223.8494 224.2992 226.0237 229.7066 232.9255 232.9255 235.1637 235.6527 235.6527 237.8815 237.8815 236.9914 239.2343 239.21 236.8156 236.8156
219.9296 219.9048 218.4913 213.7774 213.9051 213.9051 213.5514 213.5514 212.6656 212.582 213.0083 212.6586 212.1685 212.1685 211.6631 211.5898 211.3413 211.1974 211.1974 211.1974 211.3714 211.6396 211.2139 211.6146 211.8037 211.7291 211.8895 212.1402 211.973 212.2117 212.2117 213.0258 213.1808 213.3908 214.2619 214.347 214.3629 214.3629 214.3253 214.434 214.4569 214.8204 214.7745 217.3177 218.254 219.7669 223.3508 224.2661 224.2661 229.4019 232.8924 232.4382 232.4615 233.0575 235.6196 237.8815 237.8815 237.8815 239.6745 237.5087 239.21 239.737 239.737
222.5872 222.5872 218.8117 218.9823 215.7219 213.9051 214.1516 214.1516 213.0792 213.3403 213.0083 212.6586 212.6586 212.3392 212.4445 212.7044 212.6316 212.4908 212.4908 212.5759 212.0652 211.6396 212.1503 212.0493 211.6477 211.7223 211.8895 212.1318 212.312 213.1291 213.4844 213.4844 213.3908 214.0916 214.2619 214.347 214.347 214.5111 214.5111 214.3609 214.6894 215.0299 215.2771 215.3703 216.2987 218.2452 221.3752 224.2661 224.2661 231.2297 232.8924 226.6632 232.9173 233.0575 235.6196 237.8815 237.8815 237.8815 237.6155 240.7372 240.9641 239.737 239.737
222.5872 221.581 218.113 219.4002 215.9726 216.3862 215.058 215.058 215.0814 214.2791 213.6215 213.9591 213.8737 214.0666 213.2129 213.4706 213.3977 213.7676 213.2569 213.4271 212.8326 212.4669 212.7462 212.8154 212.8154 211.7223 213.0798 213.0658 213.3709 213.1291 214.0284 214.0556 214.2109 214.0914 214.5284 214.5903 214.347 214.5111 214.5111 214.7885 215.4394 215.4394 215.865 216.2055 216.2987 218.6827 219.0521 224.2661 224.2661 229.2399 224.8828 231.0422 224.2684 233.0575 235.6196 236.4903 245.9674 239.0095 238.0025 240.6024 241.6328 241.1354 241.1642
224.3304 223.1601 219.8138 219.8684 216.8041 216.8041 215.058 215.3321 214.4379 214.1742 214.5957 214.3816 214.4714 214.0666 213.937 213.5262 213.521 213.6886 213.7676 213.4271 213.4103 213.0012 213.1006 212.8627 212.8154 213.9131 213.0798 213.4964 213.4964 213.9288 213.9887 214.0503 214.1874 214.6641 214.4485 214.5903 214.6754 215.2526 215.0972 215.4518 215.4394 215.865 215.8338 216.1462 216.6311 218.6827 219.2189 219.065 222.4331 229.2399 229.2399 229.6682 231.4568 228.7089 234.1451 234.4313 241.8866 236.0148 238.0025 240.5128 242.2999 244.4597 242.6397
225.9117 223.4934 220.1481 219.8684 216.331 217.1383 216.4436 215.6642 214.8734 214.8728 214.9561 214.8939 214.9793 214.7496 214.7496 214.3056 214.4613 214.347 214.3635 213.9379 213.9379 213.5974 213.4244 213.8524 213.5815 213.9131 214.5797 214.3298 213.9964 213.9028 214.3893 214.6393 214.6549 214.6859 214.9405 215.0215 215.0078 215.4112 215.4273 215.4448 215.7678 215.865 215.8631 216.6306 216.6311 217.5794 219.2771 219.6248 223.6885 226.921 226.921 229.6682 229.3474 231.3224 232.0861 234.4313 235.1868 234.4313 238.0025 240.5128 241.6332 242.2325 242.0507
226.1808 225.0466 222.8794 220.4222 216.7516 217.1618 216.8021 215.8335 216.009 215.1232 214.9561 214.8939 214.9793 215.2575 215.3472 215.2581 215.1853 214.9594 214.3635 214.3635 214.023 214.1932 214.4486 213.8528 214.5798 214.5798 214.7464 214.7464 214.5798 215.5559 215.6393 215.3059 215.3418 215.6527 215.9092 215.9153 215.9116 215.8044 215.8895 215.8895 215.8529 216.4106 216.8362 216.7162 217.2389 217.6544 218.342 220.1972 223.6885 223.6885 227.3714 227.3714 229.3474 229.7641 232.3262 234.4313 234.4313 236.1262 239.8358 241.2479 241.6658 241.6658 239.4478
228.5378 225.0892 222.9592 220.4222 217.1618 217.1618 217.1618 216.009 216.009 215.1232 214.9561 214.8939 215.2575 215.2753 215.3472 215.2581 215.6592 215.6592 215.6592 215.1485 215.4039 214.9782 214.9594 215.6787 215.8298 215.7464 215.4964 215.9964 215.8297 216.2226 216.3059 216.2584 215.9251 216.5005 216.2281 215.9076 216.469 216.3619 216.9577 216.9577 216.8726 217.0183 217.4439 217.2737 217.3139 218.2626 219.5561 220.6362 220.6362 223.6885 224.3242 227.1187 227.3714 227.6093 232.3262 232.3262 234.4313 236.1262 237.6631 240.0798 241.6658 241.6658 238.9129
225.692 225.4209 220.737 220.737 217.525 217.1618 217.3373 216.009 215.4575 215.1232 215.1232 215.1988 215.479 215.6211 215.7878 216.2985 216.2428 215.6592 215.6592 215.9146 216.17 216.17 216.9361 216.6138 216.262 216.4131 216.9131 216.6631 217.0559 216.2226 216.3059 216.9251 216.9251 216.5918 216.5838 216.8584 217.0634 217.0649 216.9577 217.5536 217.9777 217.8089 217.821 217.7743 218.2975 218.8067 219.2003 219.5561 220.6362 223.6885 226.9253 227.3714 227.3714 228.287 230.263 231.6695 233.8481 236.2023 236.2023 240.0798 241.6658 238.9129 238.9129
225.5258 225.5258 223.1552 218.8554 217.3914 217.4209 216.1655 215.9803 215.4575 215.4575 215.1232 215.5331 215.6447 215.4247 216.3561 216.2985 216.2428 216.6142 216.2744 215.9146 216.7879 217.0212 217.4472 217.3638 217.1787 216.8453 216.9131 216.6631 217.7226 217.7226 217.3418 216.9689 216.9259 216.9172 217.6411 217.7571 217.8611 217.5742 218.0679 218.5359 217.9777 217.8089 217.821 218.8919 218.8919 219.4567 219.4029 219.8061 219.8973 219.8973 223.7201 226.7148 226.7148 227.2148 228.287 231.765 233.8481 236.2023 236.7023 238.2307 231.6112 237.3369 236.2697
225.5258 225.5126 223.1552 220.737 217.8735 217.8735 216.1704 215.7088 215.4575 215.4575 216.1181 215.5331 216.0192 216.4308 216.9448 216.9238 216.9238 217.3226 216.952 217.0926 217.248 217.4472 218.0663 217.9829 217.6138 217.4472 217.5798 217.5798 217.7226 217.7226 218.1907 217.3406 216.9251 218.5994 218.7168 218.8002 218.5278 218.5278 218.5956 218.2363 218.5736 218.5736 219.1735 219.297 219.5477 220.1534 220.0649 220.3693 220.8988 220.9178 220.8345 223.9701 223.9701 227.5481 227.5481 230.0268 232.4978 234.7859 235.7961 236.2961 234.758 233.4588 234.7754
226.4626 225.5126 222.6821 220.0622 217.8735 218.1123 216.6288 215.9941 216.2365 216.4872 216.2075 216.6412 217.0143 217.9309 218.1852 218.1852 217.6048 217.6266 218.2209 218.7209 219.2209 218.7329 218.7329 218.5663 218.4829 218.4829 218.9896 218.692 218.8945 218.8945 218.8945 219.5612 219.3945 219.1335 219.1335 219.4628 219.4645 219.6335 219.1944 219.1944 219.8194 219.8194 220.0002 220.1893 220.1534 220.1534 220.4034 220.4034 221.2311 221.181 220.9168 223.9701 224.4701 224.4701 227.7981 230.6085 231.3413 233.1076 236.2961 234.8014 234.8014 232.3325 233.7933
226.9546 221.7306 220.8148 218.7709 218.8591 218.1123 216.6288 216.8213 216.8133 216.8133 216.7596 218.1034 218.2643 218.2643 218.3518 218.1852 218.8518 218.8876 218.8876 219.3876 219.2209 219.3876 219.2209 219.2209 219.3876 219.2582 219.7395 219.6441 219.4388 219.3733 219.4951 219.2411 219.7552 219.6707 219.6707 219.9452 219.8567 220.3002 220.2168 220.8273 220.8634 220.9589 220.699 220.6059 220.5701 221.2583 220.8417 221.0906 221.6818 221.6037 221.7052 221.7311 224.4701 225.0518 225.0518 229.1959 229.4462 228.5136 231.1963 234.8014 230.8812 230.8812 230.8812
223.5847 222.229 222.2283 218.8591 218.8591 217.6144 218.1914 217.3133 216.8133 216.8133 218.0016 218.1034 218.2643 218.2643 218.8518 218.8518 218.8518 219.3042 219.2213 219.3875 219.6376 219.6376 219.3876 219.7209 219.8042 220.095 220.2379 220.2396 220.2392 219.5608 219.5612 219.5565 219.7651 220.0077 220.004 220.1335 220.3002 220.3002 220.9154 220.6825 220.8634 220.9589 221.1637 221.1158 221.2583 221.2583 221.5083 221.9318 222.0439 222.0885 222.4811 222.4811 222.7311 222.9995 225.6351 226.4512 226.8682 227.2848 229.4675 227.5831 229.1153 229.1153 229.1153
224.4203 223.0688 220.028 219.6486 219.9561 219.0431 218.4901 218.163 217.7451 217.8349 218.1034 218.4368 218.5243 218.7685 218.8518 218.8518 219.3042 219.4356 219.5276 219.3876 219.6376 219.6376 219.9709 220.0542 220.1376 220.157 220.1065 220.2396 220.2396 220.2872 219.5612 219.5612 219.7278 220.0876 220.4286 220.4286 220.754 220.754 220.8762 221.4467 221.4467 221.6374 221.3694 221.5048 221.8417 221.8417 221.8496 222.4318 222.39 222.9456 222.9811 222.9811 223.4794 223.4995 223.5828 224.1487 224.3835 225.0659 225.8871 227.5831 229.1153 229.1153 228.0087
224.0337 220.8416 219.6751 219.6751 219.2442 218.4901 218.4901 218.4901 218.163 218.1682 218.4368 218.4368 218.941 219.0243 219.2209 219.3042 219.3042 219.4439 219.5557 219.6376 219.6376 220.1376 220.2209 220.3876 220.3414 220.5081 220.2396 220.2396 220.2396 220.2872 219.9897 219.9897 220.0612 220.3112 220.4286 220.4632 220.7603 221.0502 221.4467 222.1252 222.1252 221.6374 221.9349 221.8417 221.8417 222.5163 222.5163 222.3496 222.6478 222.9811 222.9811 222.9811 223.4794 223.8961 224.2495 224.1411 224.9205 225.0659 226.0119 226.4477 226.8733 228.0087 228.0087
222.197 222.197 220.8416 220.8416 219.328 218.9091 218.9099 219.4247 219.0057 219.1809 219.0976 219.2827 219.6148 219.691 219.8876 219.8876 219.8878 219.8876 220.4573 220.6376 220.1376 220.1376 220.5542 220.7209 220.7581 220.5081 220.5729 220.2396 220.6563 220.2872 220.2894 220.9063 220.9897 221.2737 221.8571 222.3438 222.383 222.6071 222.7165 222.127 222.1252 222.3752 222.5182 222.5262 222.4348 222.5163 222.5163 222.7652 223.7392 222.9811 222.9811 222.9823 223.4794 224.2294 224.2495 224.8331 224.9826 225.0659 226.7882 226.7882 226.8733 226.8733 227.1793
223.7394 222.6999 221.3445 221.8474 220.9974 219.9223 219.4354 219.9319 219.4247 219.8481 220.3518 220.1855 220.8617 220.2743 220.4709 220.4709 220.6698 220.522 220.9739 220.6376 220.7209 221.1945 221.2093 220.7209 220.8414 220.7396 220.9424 220.9424 220.9424 220.99 221.6872 221.4994 221.4063 222.253 222.8489 222.9688 222.9688 222.8457 222.7192 223.0666 223.2998 223.5973 223.1095 223.5262 223.5934 223.1081 223.5736 223.7221 223.5475 224.2087 224.4871 224.1754 224.9839 224.9875 225.5076 225.1662 225.0831 226.4803 227.0435 226.7882 227.1806 227.1398 227.5198
