Python/newwww.txt
ncols         498
nrows         251
xllcorner     4.688452906936
yllcorner     45.640936588936
cellsize      0.00086698612799998
NODATA_value  -9999
[rows 0 to 27 of 251, columns 378 to 440 of 498]
291.8192 290.428 289.6353 285.8937 285.8937 285.7173 284.4742 284.4742 284.4742 284.5064 283.9386 283.9386 281.6999 280.5976 280.5976 274.2138 259.6259 259.6259 259.6259 253.4373 253.4373 254.1229 253.1265 251.9668 247.3449 247.3449 249.4817 249.4817 249.4817 247.7418 248.4195 239.5552 230.8652 231.2018 232.1463 232.1463 224.1678 224.1678 217.0841 211.37 213.1774 213.3446 213.3446 213.3446 213.2767 210.8273 211.9123 211.9123 205.325 205.325 204.169 204.169 199.0038 198.4674 198.4674 198.9674 198.8428 198.8428 198.8428 199.1735 199.1735 199.423 198.8142
291.8192 290.428 289.6353 285.8937 285.8937 285.207 284.4742 284.4742 284.4742 284.5064 283.9386 283.9386 281.6999 275.2649 280.5976 273.5025 259.6259 259.6259 253.4373 253.4373 253.4373 254.1229 246.2773 247.3449 247.3449 247.3449 243.9828 249.4817 249.4817 247.7418 238.7688 239.5552 230.8652 231.2018 231.2018 224.1678 224.1678 224.1678 217.0841 211.37 213.1774 213.3446 213.3446 213.3446 210.8273 210.8273 210.8273 211.9123 205.325 205.325 204.169 204.169 199.0038 198.4674 198.4674 198.6891 198.8428 198.8428 198.8428 199.1735 199.1735 198.8142 198.8142
291.8192 290.428 289.6353 285.8937 285.8937 284.6507 284.4742 284.4742 284.4742 284.5064 283.9386 283.9386 277.5229 275.2649 273.5025 266.1941 259.6259 259.6259 253.4373 253.4373 253.4373 246.2773 246.2773 247.3449 247.3449 243.5274 243.5274 243.9828 247.6332 238.7688 238.7688 230.6152 230.8652 231.2018 231.2018 224.1678 224.1678 224.1678 210.9063 211.4282 211.4282 213.1774 213.3446 213.3446 210.8273 210.8273 210.8273 211.9123 205.325 205.325 204.169 204.169 199.0038 198.4674 198.4674 198.4674 198.8428 198.8428 198.8428 199.1735 199.1735 198.8142 198.8142
291.8192 290.428 289.6353 289.6353 285.8937 284.6507 284.4742 284.4742 284.4742 284.5064 283.9386 283.9386 277.5229 275.2649 273.5025 266.1941 259.6259 259.6259 253.4373 253.4373 253.4373 246.2773 246.2773 247.3449 247.3449 243.5274 242.3931 243.9828 238.7688 238.7688 238.7688 230.6152 230.8652 230.4388 223.2232 224.1678 224.1678 216.8342 210.9063 210.9063 211.4282 211.4282 213.3446 213.3446 210.8273 210.8273 210.8273 210.8273 205.325 205.325 203.8766 198.9202 198.4674 198.4674 198.4674 198.4674 198.8428 198.8428 198.8428 199.1735 198.433 198.4349 198.8142
291.4193 290.428 289.6353 289.6353 284.6507 284.6507 284.4742 284.4742 284.4742 284.5064 277.7238 283.9386 277.5036 275.2649 273.5025 266.1941 259.6259 259.6259 253.4373 253.4373 253.4373 245.5917 242.58 240.4123 243.5274 243.5274 242.3931 242.3931 235.1185 238.7688 238.7688 230.0788 230.4388 230.4388 223.2232 223.2232 224.1678 216.8342 210.9063 210.9063 211.4282 211.4282 213.3446 213.3446 210.8273 210.8273 210.8273 210.8273 205.325 203.8766 203.8766 198.9202 198.4674 198.4674 198.4674 198.4674 198.2136 198.2136 198.8428 198.433 198.433 198.4349 198.471
291.4193 290.428 289.8473 290.0315 284.6507 284.6507 284.4742 284.4742 284.4742 278.5459 276.8226 277.6126 277.5036 270.1632 267.2452 266.1941 259.6259 259.6259 253.4373 253.4373 253.4373 245.5917 240.4123 240.4123 243.5274 243.5274 242.3931 242.3931 235.1185 238.7688 230.0788 230.0788 230.4388 230.4388 223.2232 223.2232 216.9173 210.7395 210.9063 210.9063 211.4282 211.4282 211.5953 210.8273 210.8273 210.8273 210.8273 204.1447 203.9909 202.6378 203.8766 198.9202 198.4674 198.4674 198.4674 198.4674 198.2136 198.2136 198.1023 198.1023 198.433 198.4349 198.471
291.4193 290.428 291.0968 291.6656 284.6507 284.6507 278.4807 284.4742 284.4742 278.5459 269.1686 276.2807 277.5036 263.88 267.2452 266.1941 266.9164 265.0733 253.4373 253.4373 245.5917 240.7662 240.4123 240.4376 243.5274 243.5274 242.3931 242.3931 235.1185 238.7688 230.0788 230.0788 222.4827 222.4603 224.4036 223.2232 210.7395 210.7395 210.7395 212.6013 211.0475 211.4282 211.5953 209.0781 210.8273 210.8273 210.8273 204.1312 203.1325 202.6378 202.6378 198.6277 198.4674 198.4674 198.6976 205.3377 198.2136 198.2136 198.1023 198.1023 198.4469 203.3276 198.471
292.1714 289.1102 289.6353 288.3923 283.8127 284.6507 278.4807 278.4807 278.5459 278.5459 271.7633 271.4406 271.2203 263.88 261.493 260.5422 260.4594 254.0813 253.4373 246.1008 241.98 264.5951 239.7267 247.1186 247.1934 243.5274 234.6631 234.6631 235.1185 235.1185 230.0788 230.0788 222.4827 222.8763 248.5635 215.9727 209.7949 210.7395 210.7395 231.3362 211.8097 211.0475 211.4282 209.0781 209.0781 204.0616 204.0616 204.1934 204.0067 202.5912 197.6813 197.6813 198.3838 198.4674 198.4674 198.2927 197.8253 198.2136 197.4357 198.1023 198.433 198.727 198.471
287.4705 291.1802 287.3746 288.3923 283.8127 283.8127 278.4807 278.4807 278.4807 271.7633 272.3286 271.4822 271.2203 263.88 259.4908 254.7901 254.7901 253.6035 248.1649 253.2028 240.3192 240.3192 239.7267 241.9811 237.4537 236.7035 234.6631 234.6631 235.1185 226.4285 230.0788 221.8824 222.4829 222.4603 216.3655 209.7949 209.7949 210.7395 210.7395 211.0475 211.0475 211.0475 208.8248 209.0781 209.0781 204.0616 204.0616 204.1934 202.6745 202.5912 197.4376 197.6813 198.3838 198.3838 197.9545 197.8253 197.8253 197.4357 197.4357 198.1023 198.433 198.4349 198.471
290.8748 284.2588 282.5232 288.3923 283.8127 283.8127 278.4807 278.4807 278.4807 271.7633 275.0593 272.6454 263.4304 255.8846 248.4952 254.7901 254.7901 253.6035 248.1649 260.7232 240.382 240.3192 236.5018 244.9862 241.751 236.7035 234.6631 233.4201 233.4201 224.58 221.6964 222.4224 221.8008 216.1156 208.8652 209.032 209.7116 209.9846 209.9189 211.0475 211.0475 210.6494 204.5031 209.0781 209.0781 201.2329 203.6986 204.1934 202.6745 197.4257 197.4257 197.4376 197.3409 197.2462 197.9545 197.8253 197.8253 197.4357 197.4357 197.4357 196.1718 198.4225 197.971
286.5679 283.5144 282.5232 280.5408 284.2279 283.8127 278.4235 278.4807 269.592 262.8518 262.5621 262.5621 263.4304 256.0901 249.3872 254.7901 254.7901 248.1649 248.1649 240.3192 240.3192 236.5018 236.5018 236.5018 236.7035 227.7305 227.7305 233.4201 224.7301 218.0461 216.3642 221.6964 221.6964 208.8652 208.8652 209.032 209.7116 209.8584 209.851 210.1588 211.0475 208.3334 208.1189 202.1986 202.2847 202.4016 202.4442 202.8283 202.6745 197.4257 197.4257 197.056 197.2015 197.2286 196.7531 197.214 197.214 197.4357 197.4357 197.4357 197.3058 196.8041 197.971
286.5679 284.2753 283.0123 280.8245 279.7633 268.6146 279.0194 265.5293 260.084 256.5587 257.1607 253.7137 254.5519 247.293 247.1604 243.144 248.5469 241.9297 240.234 240.234 240.3192 236.5018 227.5268 227.5268 228.323 227.7305 227.7305 224.6467 216.5143 216.5143 216.3642 216.3642 215.6017 208.8652 208.8652 209.032 209.0878 209.8508 209.8508 210.1588 210.1588 208.3334 208.3334 201.818 202.2847 202.4788 201.0791 195.8302 197.5795 197.4257 197.4257 197.056 196.8204 196.8448 196.1418 195.9753 197.214 197.214 197.4357 197.4357 196.8787 197.3447 196.2866
280.2263 282.5959 274.3256 270.8008 270.8008 277.7263 269.0189 260.084 250.9305 250.9305 244.5855 244.4955 236.3717 232.1713 241.0498 239.9188 240.1626 234.4274 233.5111 233.5111 227.5268 227.3143 227.5268 227.5201 225.4678 227.7305 218.9572 218.9572 216.5143 216.5143 216.3642 210.2695 203.173 208.2455 208.8652 209.032 209.0878 209.8508 209.8508 210.1588 210.1588 208.3334 208.3334 201.7342 201.9874 201.0791 195.7194 195.8302 195.7997 197.4258 196.8894 196.8894 196.103 196.0337 196.0117 195.9753 195.9753 195.9753 195.9362 197.2218 197.0523 195.8049 196.2866
279.7763 267.0232 267.0253 262.4457 261.5996 262.5418 260.3792 251.1833 253.9734 247.2332 259.7054 245.7652 230.2615 222.9531 232.1383 225.5369 224.4989 225.7993 233.5111 219.9637 220.6281 219.7836 227.5268 219.6888 219.9801 225.0439 212.2627 210.8248 208.8318 216.5143 209.2696 210.2695 203.173 208.2455 208.2457 209.0878 209.0878 209.0878 209.8508 209.8508 207.6337 207.6337 201.7291 201.7342 201.7828 195.7194 195.7194 195.8249 195.4309 195.9263 195.39 195.39 195.3939 195.7142 194.429 194.3578 195.9753 194.1441 194.5388 195.5558 195.3053 195.3883 195.7866
269.8185 260.6297 253.4605 252.5163 261.5996 260.3792 251.1833 251.1833 249.6218 247.2332 238.2523 238.2523 230.2615 222.9531 223.1964 225.679 218.4678 216.243 215.3808 210.5542 220.8039 220.8039 227.5268 219.3111 208.3121 207.0239 199.1895 201.7914 201.7914 199.2715 198.4183 201.8807 202.0696 202.0696 202.9135 207.9567 209.0878 208.743 206.218 200.0483 200.3563 200.3563 201.0345 201.0345 195.9203 195.3387 195.7194 194.9415 195.8302 195.39 195.39 194.6121 194.1366 194.1366 194.1366 194.2623 194.3092 194.2186 194.2542 194.0664 193.8448 193.8971 195.2866
260.4278 260.6297 253.4605 252.5163 251.7835 242.0887 242.7202 242.7202 241.7413 232.7294 232.2756 225.8926 221.1268 210.6327 210.8813 209.8488 209.8488 208.1758 202.7229 204.1463 211.8922 211.8922 211.8922 200.6338 201.2717 199.9292 196.2438 200.7952 191.0524 191.0524 191.8642 191.9217 193.2763 194.4334 194.958 199.2867 203.2442 199.2854 198.8512 198.8512 194.6158 194.4233 195.1014 195.8343 194.5553 194.6391 194.6443 194.9415 194.4052 194.5289 194.6121 194.6121 194.1366 194.1366 194.1093 194.2623 194.2626 193.9772 193.8452 194.0664 193.7438 193.897 194.0478
251.606 252.5623 235.4869 235.4869 234.7542 242.0887 233.0677 233.0677 233.0677 225.3915 217.1567 208.8167 208.8167 208.8167 203.8708 206.0105 205.4068 202.6096 203.3204 194.1964 203.6962 194.9229 194.9229 192.3835 193.0214 191.6888 191.6888 190.0448 190.0448 191.0524 191.0524 190.8754 191.2273 188.7709 191.4496 191.547 191.8889 193.3523 193.3523 198.8512 194.4477 194.4232 193.7363 193.785 193.785 194.5553 194.1862 194.108 194.1208 194.6733 194.0771 194.0771 194.0771 194.0771 193.5111 194.2623 193.9653 193.9772 193.5948 193.8971 193.8971 193.8971 193.7948
233.3898 223.4197 231.7574 225.5875 225.8034 225.8034 216.4639 223.7455 216.0676 205.2788 216.9827 208.8167 200.187 201.4809 201.7296 202.8648 195.6372 196.2298 193.6207 193.8065 194.1729 194.9229 192.0052 192.3835 191.8997 191.6888 189.7921 189.7921 187.5225 187.552 188.4993 187.6683 187.6683 188.7709 188.9942 190.0755 191.8889 191.9325 193.3495 193.6857 193.9805 192.7731 192.6286 192.6772 193.785 193.3347 193.2913 193.6733 193.5858 192.8601 193.6029 193.5205 193.5184 193.5184 193.3863 193.3869 193.9479 193.6317 193.5482 193.4807 193.3107 193.6991 193.6807
216.0307 204.9569 212.5566 207.2327 207.2327 207.2458 207.2458 206.9184 199.8983 206.5051 204.6593 201.4809 196.544 201.3233 192.5876 193.1679 193.6479 196.2298 193.6207 192.2281 193.7173 194.9229 192.0052 192.3835 191.0509 189.7921 189.7921 187.2699 187.5675 187.8057 187.8731 187.6683 187.6683 188.8269 188.9942 189.4729 189.4729 190.2369 190.7808 193.6857 192.9937 192.6108 192.1409 191.4133 191.4133 191.986 192.0721 192.7563 192.3209 192.969 193.7065 193.1074 193.0262 192.856 193.382 193.2974 193.6766 193.2698 193.3128 193.1803 193.1803 192.8933 192.875
200.9923 206.3333 203.5073 193.762 197.4915 197.5748 198.0792 207.2458 196.7638 197.164 197.164 200.1145 201.4809 192.8778 192.5876 192.5876 189.965 192.4159 192.4159 192.4741 192.9675 191.3386 192.0052 192.3835 189.1524 187.4077 187.2699 187.3868 189.7794 186.7491 186.7491 186.9162 186.9162 188.1584 188.9942 189.4729 189.4729 189.4729 189.7485 189.1652 190.1839 190.995 190.3646 191.4133 191.4133 191.1747 191.771 192.313 191.7409 192.1983 192.2514 192.1121 191.2864 192.6373 192.6373 192.6135 192.5876 192.9946 192.7554 192.8658 192.554 192.554 192.4283
187.3421 187.3421 184.5162 184.4287 188.1582 188.1582 188.7458 188.9125 187.5868 187.8815 197.164 197.1142 189.1185 189.3386 189.0489 185.7733 187.9257 189.7417 189.7417 189.816 191.956 189.7205 191.1693 190.4004 186.6301 186.6301 186.3116 186.6032 186.4264 186.4264 186.7491 186.9162 186.2477 186.5098 188.3156 189.4729 189.4729 188.6954 189.1652 189.1652 189.3646 189.3646 189.4479 190.4133 190.4133 191.1528 190.7625 190.9694 191.1704 191.4539 191.2836 191.2836 191.1506 191.1506 191.9818 191.894 192.5757 192.5909 192.7554 192.1342 192.554 191.8004 191.3198
186.8373 187.0887 183.3038 184.4287 184.4287 184.4287 188.2415 187.3961 187.3961 187.0017 186.9044 187.6743 187.6743 187.8831 183.8608 184.8717 184.8717 184.8717 184.7937 185.5985 186.2752 187.2557 187.4877 184.6958 184.6958 184.2417 185.4291 185.5926 183.8233 185.0778 185.0768 185.3285 186.2477 186.5098 186.73 187.5383 188.6954 188.0268 189.1652 189.1652 189.3646 189.4125 189.4479 189.4479 190.1747 190.1528 189.741 189.3773 190.2288 190.4323 191.2836 191.2836 191.1506 191.1506 191.1506 191.8088 191.8088 191.5785 191.5785 192.1122 191.3198 191.3198 190.8907
186.8373 183.7047 183.6165 183.6172 184.4287 183.7521 184.4059 183.5923 183.7756 183.6179 183.5162 183.8941 187.6743 184.0804 183.6006 183.5146 183.5146 184.6659 184.7937 184.7112 184.2783 185.2338 183.5834 184.0272 184.0272 184.5864 184.7819 184.1153 184.4768 184.4953 183.2995 184.7029 185.4701 185.7323 186.73 186.786 187.3134 187.5687 189.1652 189.0645 188.3735 191.5358 188.5313 188.5313 188.5095 189.741 189.1705 189.3773 189.3773 189.4107 190.4323 190.2141 191.1506 191.1506 191.1506 191.1241 190.9538 190.8849 191.4546 191.3695 191.3198 191.3198 189.9871
182.8933 183.1166 183.1166 183.6172 182.8379 182.913 182.6452 182.8505 183.1027 183.084 182.7701 183.5142 184.0062 182.8951 183.0976 182.8933 183.4371 183.4371 182.9773 183.1001 183.0421 183.0608 183.2611 183.3246 183.3246 183.3266 183.4127 183.4467 184.3002 184.4092 184.4092 185.3284 184.7839 184.813 185.8107 185.7832 185.1704 186.0062 187.0669 188.1478 186.1619 187.263 187.4574 186.6218 187.3019 190.1804 189.0285 188.7915 188.6393 187.708 189.3628 190.2141 191.363 190.438 190.3833 190.3568 190.1368 190.1176 190.7991 190.9636 191.2603 190.1157 189.7153
182.2763 183.1166 183.1166 183.0291 183.0256 181.7565 181.7691 182.039 182.2547 182.2547 182.3974 182.3974 182.7942 182.8933 182.8959 182.8933 182.4333 182.9217 182.9722 182.9569 182.6622 182.5861 183.3345 182.5963 182.658 182.658 183.2749 183.2749 183.3089 183.6259 183.6317 183.6317 183.8648 184.813 184.9751 185.0032 185.1704 186.0062 187.0669 187.0773 187.1284 186.4268 185.6745 185.6745 185.5102 185.844 186.5036 187.7202 186.7715 187.708 188.5114 188.5114 188.9043 188.5084 188.6272 188.6272 189.2855 190.1176 190.1176 190.0261 190.5313 189.199 189.199
180.4986 181.1726 182.6465 183.0291 182.6955 181.4059 181.3408 181.3224 181.6757 181.8158 181.9601 182.4299 182.4068 182.4068 182.5543 182.3336 182.3336 181.8833 181.8833 181.913 182.6428 182.5027 182.4178 182.5963 182.658 182.658 182.6064 182.6064 182.6105 182.7784 183.6317 183.6317 183.6317 182.2782 182.2782 184.2787 184.3622 185.2334 186.2438 185.3649 185.3649 185.5544 185.5544 185.3153 184.5907 184.978 186.1495 185.7607 184.9205 186.7889 187.6944 187.6944 187.4363 187.5067 187.6057 188.6272 189.7475 190.1 189.4564 189.2598 188.5495 188.5323 188.5323
180.7858 180.7022 180.7022 180.7022 180.9381 181.1789 181.389 181.475 181.8817 182.1392 182.3058 182.4798 182.4068 182.4011 181.4067 182.3336 182.3336 181.8833 181.5205 181.7574 181.8657 181.8947 181.6514 181.7531 181.763 181.6777 181.7658 181.7658 182.6542 181.8005 182.6542 182.1302 182.1599 182.0451 182.2782 183.3595 183.511 183.4746 183.485 184.5568 184.5568 184.7463 184.5068 184.5227 184.5907 184.978 185.2646 185.7771 185.7771 185.7771 186.7399 186.291 187.3227 186.7542 186.7542 186.8167 188.3922 188.307 188.6901 188.5793 187.8651 187.3651 187.7823
180.6134 180.7022 180.7022 180.9485 180.9477 181.1809 180.9441 181.8168 181.8817 182.0218 182.2268 182.3247 181.6292 182.1447 182.0333 182.1154 182.0172 182.0712 181.6624 181.8186 181.8186 181.6296 181.8329 181.8329 181.8329 181.6879 181.7658 181.7672 181.8729 181.8005 181.7532 182.1599 182.1088 182.1281 182.3618 182.3618 183.511 183.485 183.485 183.0385 184.5162 184.5568 184.3972 184.0835 183.593 183.7879 184.3504 184.3473 184.7953 185.7771 185.9365 186.7833 185.913 185.9653 185.9653 186.8167 186.942 187.6259 187.6487 187.4564 185.6187 187.1143 187.3662
